pred
12.265
13.205
30.69
66.145
163.365
243.035
456.375
574.285
609.245
636.77
586.26
587.56
576.01
545.02
486.615
382.875
287.805
202.305
136.55
58.32
26.09
14.09
7.5
6.1
3.95
18.345
58.53
185.785
587.685
158.22
90.54
146.765
218.305
134.925
136.595
207.935
394.005
725.525
735.095
505.525
326.615
255.545
144.235
77.34
26.915
15.265
6.835
4.34
4.69
14.96
63.71
225.435
619.62
338.055
172.16
203.715
231.76
233.655
207.41
275.665
366.375
719.34
735.555
516.385
374.55
325.035
152.035
85.235
39.975
17.85
11.205
4.41
3.76
16.07
146.335
403.96
649.05
328.185
174.925
215.39
262.77
240.765
250.15
269.205
305.635
664.575
672.955
448.3
290.825
222.475
162.43
87.935
39.295
24.49
12.98
4.285
3.985
25.93
138.385
414.92
635.405
328.705
181.315
231.89
309.655
310.16
277.82
289.015
397.195
739.225
715.985
544.485
356.82
206.615
238.165
117.09
54.635
44.68
14.33
6.62
5.79
25.615
139.605
399.34
583.535
303.42
281.075
280.17
346.46
357.3
363.965
372.095
481.165
729.9
770.37
529.14
370.125
283.425
280.685
211.28
138.905
104.615
67.97
30.865
10.42
7.64
28.575
104.79
189.17
268.1
401.285
507.145
525.47
532.96
513.715
509.6
555.535
583.27
573.95
401.18
307.405
248.285
280.605
205.11
120.715
103.37
74.215
39.68
9.69
10.275
23.3
78.8
167.265
245.52
372.49
463.205
505.605
536.465
525.07
534.705
548.44
563.945
545.08
387.185
289.35
161.99
127.58
57.65
125.28
88.84
38.21
28.075
15.55
21.785
84.755
286.19
348.715
329.01
279.63
287.85
295.8
296.595
297.34
294.76
424.815
664.605
646.525
417.19
296.075
262.88
159.105
88.615
33.705
20.73
10.665
4.31
4.35
25.67
150.57
396.615
639.935
341.53
189.24
236.49
293.16
287.76
266.82
280.325
358.625
701.905
686.665
527.855
281.64
141.815
136.605
54.665
32.305
13.45
6.995
3.86
4.25
24.865
137.745
275.525
635.665
345.96
166.635
217.68
315.015
307.675
283.77
283.375
372.04
722.31
790.99
503.12
308.79
285.48
206.4
93.69
44.72
30.785
10.48
4.35
4.43
26.615
150.09
400.715
642.18
345.575
213.95
263.29
322.885
316.625
287.11
291.85
402.97
777.16
770.935
516.42
375.46
281.825
268.325
122.855
64.33
36.18
15.155
6.88
6.59
23.56
74.77
397.515
583.91
292.805
250.665
281.66
318.985
331.29
292.555
297.5
460.8
689.125
419.79
350.865
213.59
208.03
140.29
199.78
129.675
106.85
65.16
31.245
8.635
8.88
33.565
102.945
192.875
275.835
460.64
536.58
599.95
625.575
608.66
618.915
591.085
611.27
598.61
420.855
301.95
271.625
253.845
179.78
118.67
106.19
69.035
35.405
12.525
10.965
28.86
60.1
147.355
246.6
428.89
538.26
612.48
635.335
599.755
637.39
566.16
530.335
516.915
394.24
286.57
212.835
150.69
83.85
39.945
14.68
11.535
5.235
6.285
25.255
150.74
386.245
647.22
337.855
201.255
235.975
295.045
290.1
258.21
280.895
361.505
680.89
698.445
501.625
341.425
241.18
150.18
81.645
34.925
12.545
4.875
3.61
3.825
15.425
154.4
371.565
630.035
331.965
171.62
215.67
257.0
277.475
239.82
243.53
378.845
731.27
741.455
528.77
366.62
245.295
175.535
88.975
39.86
20.81
8.475
4.53
4.3
25.9
151.675
396.7
650.235
341.15
202.86
249.775
313.09
310.16
272.975
280.455
382.4
733.075
664.075
507.58
350.415
258.715
170.62
90.84
41.03
22.385
8.435
5.095
4.375
25.885
149.105
399.24
642.025
329.735
184.975
260.385
329.47
298.565
282.11
299.61
404.465
783.74
745.735
546.785
424.475
263.255
257.95
122.99
65.27
39.3
16.435
7.745
7.395
25.32
154.17
416.42
599.02
326.94
297.29
303.115
362.77
384.55
380.18
384.54
479.405
775.22
759.77
531.625
379.275
282.07
287.405
226.705
138.935
105.925
65.08
33.89
12.185
13.65
38.9
115.2
196.15
277.845
454.095
593.285
588.805
586.01
574.13
564.16
555.295
636.65
620.205
427.105
310.335
280.92
289.97
223.81
133.27
104.905
75.925
35.425
14.135
12.065
36.17
81.345
153.815
248.915
439.64
508.785
580.81
559.32
570.985
558.715
547.725
568.215
576.235
396.57
289.61
224.655
176.81
78.39
44.15
21.985
10.415
4.67
5.41
25.23
146.55
412.675
642.195
342.59
194.66
219.385
290.005
273.965
261.7
285.575
378.685
698.755
715.6
470.63
313.42
221.99
169.83
80.855
41.425
16.035
11.165
3.43
3.595
14.92
137.925
216.795
620.92
322.995
132.985
156.82
175.625
191.335
152.61
171.815
366.97
529.53
590.43
488.865
343.68
273.555
152.07
57.76
29.97
19.64
10.195
4.25
4.8
26.215
149.175
389.46
630.365
344.275
167.685
231.945
286.505
277.195
259.955
288.405
360.78
698.09
699.65
528.91
402.355
266.55
191.75
93.8
45.695
24.09
9.615
4.3
4.645
22.895
146.91
403.625
636.88
344.805
175.385
246.21
267.835
301.26
272.675
285.255
398.83
795.5
778.245
517.03
428.45
285.57
251.45
118.045
72.185
38.04
15.65
7.515
6.535
28.095
158.425
421.15
594.46
311.77
290.925
306.06
378.635
385.04
382.905
391.295
510.67
724.76
746.625
521.645
392.025
282.475
283.76
204.765
142.545
108.275
67.42
32.245
10.965
11.895
31.915
105.99
196.47
294.34
453.49
584.01
642.785
647.37
628.8
604.235
586.55
586.345
581.0
406.55
309.68
246.81
266.7
195.725
126.8
110.62
71.785
34.12
12.04
12.51
33.905
66.74
161.02
235.385
390.895
485.455
564.53
581.405
595.025
576.845
568.145
550.69
531.19
388.055
284.18
216.11
169.285
89.365
49.26
18.175
10.71
4.695
5.93
15.985
59.53
137.965
634.445
326.465
102.09
141.005
144.9
220.405
226.28
230.535
382.165
707.27
711.845
462.5
289.17
246.775
143.38
58.02
33.37
13.875
8.05
4.305
5.135
23.92
137.325
399.16
632.48
343.41
178.71
228.495
291.685
299.005
272.265
283.275
370.5
768.77
769.175
514.48
377.9
274.425
164.595
81.39
36.405
19.95
12.155
4.465
4.48
26.965
136.57
383.235
642.255
337.75
205.93
259.02
320.96
321.435
282.015
298.71
372.59
724.05
725.525
513.73
409.21
285.11
214.97
91.04
44.55
23.885
9.04
5.705
6.435
26.305
136.17
397.05
633.715
348.8
214.16
267.405
316.65
319.13
283.47
293.005
393.305
723.935
774.415
508.3
396.23
281.55
256.15
126.785
60.9
36.31
16.52
9.79
9.505
22.405
138.665
424.845
589.825
321.715
289.755
304.54
350.495
363.79
361.72
364.35
472.91
740.955
748.01
470.52
333.1
168.275
271.45
226.31
145.415
100.675
66.275
30.84
9.145
7.96
37.165
104.115
205.06
275.945
441.33
523.16
561.015
593.795
589.175
575.435
560.21
620.675
601.94
425.06
304.14
274.435
288.04
226.695
132.95
103.57
76.72
36.35
11.85
12.69
22.87
82.78
145.63
251.92
441.83
531.105
581.76
594.6
553.36
546.4
540.28
587.32
578.3
394.7
294.335
221.69
168.14
79.705
36.21
23.595
12.13
6.795
5.605
24.94
149.27
389.555
626.305
341.05
196.69
239.765
274.76
285.5
275.105
278.465
376.98
683.64
683.08
511.6
336.605
237.65
152.71
85.305
33.455
15.765
9.11
5.885
6.075
28.5
151.955
370.31
621.265
328.78
198.78
246.175
284.915
286.175
267.14
282.49
354.735
702.355
718.32
514.715
381.03
277.865
187.14
94.215
38.235
16.825
8.045
6.29
6.175
29.385
147.115
397.825
625.01
353.485
207.985
252.175
296.39
293.395
271.005
283.79
356.12
714.12
720.595
532.79
395.475
283.495
208.64
113.685
48.02
28.315
7.61
6.345
6.825
27.225
144.0
415.385
630.285
348.16
210.79
264.055
301.43
298.085
276.245
291.26
401.54
781.35
768.81
532.425
404.7
281.885
256.23
130.535
61.06
36.51
16.245
8.06
7.66
27.43
139.87
423.185
586.865
321.785
295.365
302.525
363.12
365.795
360.715
350.69
457.155
774.71
744.77
521.02
390.37
250.29
232.42
213.175
130.635
93.685
66.57
31.455
9.265
9.275
30.46
98.325
188.445
265.165
476.915
575.425
588.75
596.815
589.54
583.365
559.215
648.535
643.97
417.51
301.885
272.545
281.585
226.245
128.02
103.825
78.17
34.51
8.7
12.41
27.385
80.635
155.545
248.925
429.615
542.545
582.72
591.31
584.855
580.705
546.215
562.395
558.335
384.73
290.03
218.675
166.925
62.15
38.805
14.47
12.22
5.63
5.835
22.585
144.585
414.495
627.795
338.59
200.89
239.815
306.97
292.5
278.995
289.495
375.715
733.915
758.685
485.74
325.98
251.505
170.67
80.98
39.915
18.78
10.38
5.77
6.64
27.67
148.415
402.49
631.665
350.24
203.61
255.21
308.305
308.575
283.01
282.195
380.59
749.925
723.965
463.875
281.575
232.885
170.09
89.01
131.71
104.28
51.715
30.33
10.725
15.93
55.75
275.04
348.685
330.625
287.89
284.51
309.51
332.175
322.25
319.94
415.225
669.325
668.975
414.705
324.205
308.04
211.015
105.665
48.58
22.95
7.5
5.02
5.265
27.36
143.875
408.145
631.4
344.165
207.135
261.195
298.51
297.305
274.535
287.975
402.035
777.03
695.495
468.465
339.65
282.505
256.125
126.975
61.71
34.33
16.465
8.645
10.035
26.7
150.64
428.545
582.515
327.395
284.77
298.735
348.54
351.795
355.885
368.6
464.635
748.28
759.075
524.155
364.61
276.535
270.885
226.195
130.265
98.015
68.94
30.085
11.085
11.84
36.55
117.1
199.895
274.31
482.57
563.795
586.0
587.765
600.685
618.515
560.01
635.755
635.72
414.69
306.35
278.6
278.535
222.63
133.755
107.55
69.71
41.405
7.995
10.935
24.715
80.43
158.06
253.165
424.55
531.235
566.025
586.695
580.105
547.015
537.935
599.255
589.0
387.355
291.33
223.435
144.11
52.845
24.24
15.02
7.01
3.355
4.01
23.29
63.35
221.035
617.005
335.325
148.015
208.71
274.125
262.015
253.82
268.51
376.295
750.365
718.755
490.615
297.715
225.295
165.195
78.315
38.48
16.54
10.485
6.085
5.835
25.47
137.185
393.23
626.59
347.655
197.495
256.345
316.145
305.585
276.07
283.19
374.455
772.7
692.725
406.255
219.36
96.675
148.39
92.405
31.33
17.84
8.015
5.59
6.25
27.23
147.44
401.125
618.395
340.275
192.535
230.065
297.935
287.31
275.835
281.58
372.405
776.28
762.93
504.855
356.35
277.38
200.21
94.975
48.735
22.365
8.325
6.27
6.715
26.585
146.685
412.535
627.285
347.565
210.715
266.335
316.93
297.305
281.055
293.995
400.555
771.85
733.13
507.015
403.57
278.31
257.48
123.32
62.06
37.27
15.785
6.35
6.22
22.87
138.175
403.675
588.67
317.445
286.92
301.17
354.835
366.965
350.355
363.235
505.98
741.7
782.045
500.05
371.61
273.615
283.05
221.27
128.67
101.74
68.15
33.04
10.7
14.305
40.85
105.625
192.25
276.465
436.935
517.33
561.03
549.06
580.7
545.83
532.525
477.4
576.275
403.225
289.88
219.015
270.625
224.805
132.97
99.485
67.985
34.765
9.775
11.275
25.35
86.02
165.87
254.995
397.62
489.905
547.52
589.5
583.715
533.27
553.68
565.55
464.365
380.405
280.015
218.72
146.67
79.35
33.335
16.67
10.76
6.53
6.59
23.84
149.25
401.78
630.36
342.76
197.965
230.385
305.93
286.95
281.34
278.855
334.655
613.805
710.58
494.48
323.435
252.005
165.025
80.385
29.655
15.395
10.995
4.805
5.06
24.105
146.705
386.245
630.53
345.595
200.11
242.245
290.535
304.115
274.51
288.01
384.125
735.18
764.59
512.13
355.29
271.94
189.155
88.745
45.77
17.86
8.64
5.575
4.825
25.505
148.16
416.025
633.405
348.76
210.195
262.39
313.805
317.48
266.32
204.83
381.62
781.93
709.83
470.6
359.4
275.275
204.98
95.13
47.53
23.995
9.225
5.095
5.265
22.38
147.76
397.115
627.04
342.64
202.55
252.195
298.515
311.43
283.945
285.015
359.26
724.57
774.415
510.135
367.04
126.095
146.755
60.355
37.965
38.06
16.575
6.85
6.49
23.04
141.205
390.465
579.935
309.21
277.965
249.65
260.815
263.69
260.495
318.165
486.51
510.53
621.905
447.385
215.525
167.305
204.275
188.32
105.47
95.315
67.27
30.55
7.245
6.915
28.295
105.065
198.855
271.43
308.225
466.25
466.35
499.975
363.925
335.09
442.145
400.275
430.59
386.495
210.035
171.435
187.3
200.825
136.7
102.995
68.675
31.04
12.05
12.8
25.45
88.7
153.855
254.28
392.04
486.455
539.39
548.225
540.74
536.905
558.385
587.89
579.1
387.77
290.04
217.71
157.08
96.995
25.935
17.36
7.9
5.54
5.42
21.155
135.655
402.74
624.44
336.8
189.93
219.07
273.65
268.485
258.455
283.615
373.885
726.28
715.045
501.085
323.645
247.36
173.355
86.205
41.455
18.99
9.63
5.745
6.11
25.74
148.745
411.55
625.155
348.46
195.01
233.345
264.915
262.135
253.555
274.475
372.91
720.28
710.7
508.525
353.525
271.39
182.02
81.11
41.195
18.99
9.335
6.28
6.145
27.65
147.415
397.7
628.12
357.195
220.025
260.085
320.77
308.47
280.215
288.685
383.055
746.625
750.985
502.14
372.44
279.655
206.505
90.65
47.305
25.805
8.455
6.21
5.99
26.175
149.235
397.42
620.985
341.605
190.715
237.66
299.2
293.875
273.37
284.085
401.245
700.9
710.97
525.56
398.275
259.11
236.76
126.13
61.33
40.275
16.395
8.215
7.94
26.88
150.34
423.0
589.595
325.375
287.02
298.74
350.395
365.585
363.66
368.15
468.855
731.335
780.45
503.235
351.75
279.98
272.975
230.48
131.56
98.0
72.93
31.085
9.3
12.09
37.05
113.59
200.75
285.91
453.185
562.905
561.81
571.51
573.675
583.375
562.525
635.78
597.975
407.185
289.82
328.34
265.395
231.55
138.69
105.81
75.765
42.815
8.83
9.19
22.72
81.2
168.725
239.8
404.88
488.56
524.775
550.465
534.07
565.135
554.04
591.79
546.67
385.205
294.3
225.64
157.805
81.985
43.225
20.075
10.975
6.3
6.34
25.455
148.24
401.95
626.785
337.635
173.76
213.73
273.965
300.16
271.78
278.755
373.485
706.52
688.365
485.365
345.84
265.62
151.12
88.4
30.95
16.9
8.99
5.995
6.11
25.255
148.575
386.89
621.505
347.255
195.905
244.685
317.84
287.2
266.99
276.02
371.09
785.96
739.055
405.68
282.21
308.29
171.065
92.98
37.47
19.51
8.34
6.185
5.465
24.36
148.635
401.46
618.585
341.68
194.685
242.945
311.41
302.945
275.555
284.89
372.14
791.055
699.995
518.71
371.025
304.57
203.54
88.005
45.97
21.795
8.205
5.715
6.24
28.34
145.9
404.565
629.375
343.18
209.28
258.71
326.655
305.525
282.605
277.3
396.575
799.985
769.705
511.395
370.98
280.13
256.565
120.905
61.52
36.085
18.325
8.655
8.61
25.63
150.905
421.83
587.875
317.25
295.96
304.28
358.875
369.47
368.245
368.69
506.755
716.44
738.54
471.62
338.33
249.66
268.435
231.215
131.295
92.42
72.8
30.86
10.19
8.595
27.98
110.845
201.055
277.94
439.11
523.155
554.365
561.235
550.61
545.355
562.48
622.92
595.64
415.275
311.17
267.345
272.255
197.57
94.655
96.735
72.565
40.56
9.52
10.315
20.515
81.895
163.99
242.845
409.19
494.525
527.525
561.97
554.38
562.51
550.045
587.225
511.855
380.745
257.525
215.865
144.39
93.33
34.59
18.635
9.52
3.605
5.655
22.1
138.68
236.95
626.24
219.45
182.93
219.145
274.46
287.855
279.915
281.075
371.36
705.245
717.43
500.905
331.095
264.125
147.815
90.015
29.195
16.565
8.52
5.845
5.595
22.81
139.305
393.18
621.4
342.29
187.345
223.675
275.64
266.91
269.21
284.165
345.83
705.585
744.78
466.455
312.1
265.27
172.68
81.925
32.335
17.455
8.01
5.805
6.225
23.97
137.74
403.255
630.265
342.935
195.98
240.9
283.0
279.505
252.475
272.45
378.565
733.54
756.51
514.925
393.335
285.64
202.28
87.99
45.525
21.335
7.315
5.885
5.215
23.7
147.93
401.92
629.375
343.385
200.92
267.42
326.6
316.805
280.245
289.485
402.57
762.04
760.04
504.145
398.12
244.14
247.015
126.815
63.07
39.485
21.035
7.73
6.31
20.73
70.0
262.15
536.225
304.955
250.6
238.415
328.655
355.975
352.42
362.18
465.315
745.175
723.165
545.125
396.35
277.905
263.25
200.805
100.745
93.305
71.9
32.615
9.8
9.235
30.485
106.39
193.0
269.225
441.395
518.21
550.52
553.105
542.525
546.24
560.955
537.17
496.655
384.11
207.44
161.235
199.215
214.74
119.295
100.36
78.115
38.14
9.215
9.83
22.38
82.365
169.255
251.05
417.0
530.645
572.235
597.83
569.225
566.39
569.48
601.52
593.105
381.92
292.075
223.04
170.295
83.62
35.6
25.58
11.24
5.795
6.055
22.72
146.97
404.85
629.78
342.09
209.905
245.605
314.455
310.25
280.265
289.0
353.09
748.78
747.415
490.46
341.445
249.655
155.98
87.13
37.685
19.2
9.22
5.17
5.7
23.325
74.545
388.7
606.43
339.62
188.975
241.245
306.425
308.52
275.49
281.355
374.455
696.25
741.84
509.965
375.645
268.785
187.09
82.215
40.99
23.67
8.525
5.455
6.865
27.565
146.63
404.98
615.75
347.505
191.79
230.605
297.255
273.58
251.775
278.69
370.04
746.315
803.01
502.98
362.355
280.585
205.31
93.125
42.34
25.365
8.63
6.195
7.24
27.585
149.32
397.92
627.05
347.71
211.79
264.595
316.705
297.09
290.035
289.355
401.415
778.98
725.895
511.05
373.095
282.295
256.945
127.075
45.795
33.23
12.71
6.95
7.005
24.83
102.375
349.065
563.455
288.535
197.615
208.775
245.235
253.85
250.975
256.78
337.345
501.735
486.155
334.495
218.46
165.525
95.975
101.09
128.395
93.145
72.92
32.265
8.6
8.58
29.515
104.0
204.27
280.295
449.63
549.83
584.245
600.465
585.175
579.275
568.22
627.13
620.57
418.61
309.88
265.78
288.215
226.775
129.685
101.42
78.96
42.985
10.675
15.54
30.3
88.755
160.635
255.045
391.755
459.84
538.435
515.525
537.51
551.57
563.115
501.405
491.955
374.26
277.795
158.21
149.68
82.53
28.87
16.915
8.23
6.675
6.28
23.56
138.805
389.095
624.58
336.415
168.32
212.01
270.185
294.095
272.525
278.99
374.255
732.15
645.415
448.255
248.89
228.225
138.1
78.155
28.91
13.975
6.69
6.085
5.96
25.425
147.11
411.025
618.465
342.53
191.995
249.05
321.33
319.425
279.725
290.695
353.345
750.775
779.95
404.06
353.215
312.695
159.975
86.885
35.0
16.33
8.015
5.67
6.595
28.13
146.43
406.22
632.745
344.9
198.38
242.475
315.08
308.225
280.43
281.9
336.965
700.185
683.77
478.955
383.445
329.09
196.58
91.66
41.2
21.32
9.13
6.715
6.935
26.045
135.735
398.22
627.885
339.705
205.755
263.6
323.445
313.8
276.92
286.03
388.78
781.875
782.87
504.165
359.395
275.59
251.315
122.74
62.415
38.115
18.89
6.495
6.4
26.295
138.595
401.265
587.195
312.22
286.92
303.255
355.34
361.335
355.565
367.185
492.535
763.025
750.31
462.525
337.525
242.9
271.095
223.935
116.575
93.61
69.085
29.42
10.75
12.28
33.055
114.405
207.685
281.85
434.23
512.41
509.82
562.78
498.0
523.715
569.13
493.09
459.07
399.55
203.65
253.485
198.635
192.4
113.665
97.84
66.335
31.355
7.47
8.075
15.86
81.655
163.075
241.655
397.69
474.54
484.46
493.49
417.48
360.345
446.11
470.395
445.41
367.855
250.06
195.355
127.055
88.42
29.3
16.61
7.48
6.445
6.64
24.595
145.895
395.495
625.845
336.085
188.855
219.445
304.295
298.905
273.455
277.19
373.21
766.6
782.345
508.485
342.355
287.455
141.455
88.195
26.71
17.775
9.59
5.43
5.175
23.095
136.1
391.68
617.43
341.005
192.895
241.89
289.125
298.23
265.685
280.915
374.585
704.65
754.225
501.985
350.29
274.525
194.24
84.26
32.705
16.16
7.115
5.84
6.345
26.065
148.635
410.37
627.86
350.505
205.415
259.11
325.77
325.595
282.48
286.805
378.76
775.08
780.195
502.325
356.75
283.175
208.39
92.93
40.83
25.41
8.225
5.955
6.555
27.24
148.025
404.735
633.835
345.76
209.475
267.125
324.085
310.52
276.905
288.095
391.47
771.47
725.68
499.715
365.045
281.4
259.24
126.715
51.435
34.54
19.485
7.655
7.525
26.655
141.055
380.305
587.195
302.775
287.775
301.555
358.015
356.89
357.165
365.83
472.215
774.945
747.345
509.445
363.32
278.79
272.37
227.445
124.13
95.425
69.265
30.84
13.295
16.27
34.285
120.255
208.195
280.585
436.825
520.145
543.525
588.935
555.44
549.525
549.515
597.17
587.41
358.065
271.765
111.315
214.075
222.755
125.085
100.83
71.185
38.01
14.695
16.04
24.66
82.68
157.155
257.875
389.365
481.025
526.84
528.11
516.005
513.29
563.19
598.45
578.115
363.435
246.065
225.555
137.915
55.495
116.66
96.48
49.08
29.455
13.225
18.695
59.57
281.71
420.235
393.59
275.835
277.28
285.66
287.275
289.225
300.165
432.345
666.5
662.915
401.02
294.425
315.175
140.205
89.35
26.585
17.105
6.615
6.03
6.145
23.02
136.025
363.695
620.385
338.67
178.955
216.295
272.26
286.825
264.75
276.03
370.53
708.255
769.71
513.235
378.285
313.295
168.435
83.125
38.595
16.495
7.48
5.86
6.06
23.395
149.26
376.335
625.775
340.19
185.82
227.205
296.22
292.965
274.355
271.02
382.64
782.355
784.715
510.04
334.655
312.51
198.28
88.335
34.99
17.925
6.16
6.39
5.64
22.65
135.975
400.4
598.31
200.47
150.78
180.175
240.705
254.17
250.05
271.9
399.155
779.435
789.84
518.365
399.885
221.075
194.77
119.605
47.04
38.825
20.02
7.345
6.715
26.355
149.22
386.555
584.91
304.335
274.95
290.32
347.725
353.95
352.15
360.545
465.315
697.065
723.165
545.125
393.52
335.335
268.695
202.615
113.435
86.345
61.21
34.935
7.525
7.72
25.96
97.54
189.67
276.755
434.865
519.845
546.875
555.295
545.335
332.805
431.06
375.04
393.13
329.395
270.3
221.245
206.96
182.8
110.3
103.66
68.82
38.48
9.63
11.24
19.065
79.405
165.85
238.86
418.37
522.08
594.165
641.32
591.195
592.52
569.145
534.29
525.37
389.225
284.99
216.055
144.755
74.6
36.22
18.8
10.87
5.415
5.87
23.105
154.05
365.655
618.88
336.875
190.04
232.475
292.67
285.37
269.335
281.455
385.065
705.53
711.38
509.49
344.13
234.97
145.755
78.735
33.325
18.03
5.13
5.06
6.16
23.395
150.405
389.115
628.915
349.68
209.44
249.545
307.115
300.67
274.045
281.965
385.12
743.835
738.005
499.86
342.645
273.185
167.225
84.28
40.04
18.74
6.845
6.685
6.525
26.435
151.655
391.59
631.74
346.32
180.64
251.72
308.165
302.26
273.085
285.13
379.795
739.58
767.6
505.13
350.07
266.08
179.17
88.645
42.65
19.28
6.62
7.465
6.585
26.83
151.84
399.415
633.875
342.54
195.085
258.915
319.45
319.23
281.28
289.15
364.68
786.275
771.28
519.48
363.9
277.46
223.215
112.36
64.06
39.815
19.27
7.98
7.15
26.385
154.255
377.855
577.255
283.13
273.06
292.55
358.365
365.06
370.05
366.495
482.005
809.42
775.12
502.24
365.835
332.57
209.34
223.05
140.785
93.73
66.865
35.135
8.775
10.115
28.5
107.735
194.545
290.485
471.86
585.26
625.02
642.65
611.975
610.73
578.445
559.805
514.005
415.055
305.495
270.075
249.09
180.44
120.38
99.225
72.985
41.765
14.62
15.645
26.495
65.515
158.555
236.645
417.11
511.71
603.06
611.665
624.175
596.73
563.845
560.715
528.5
385.575
286.71
220.27
138.625
73.505
38.235
28.855
8.205
6.91
6.855
24.485
151.19
380.135
626.245
331.405
165.725
180.485
249.96
255.865
224.6
237.415
393.35
713.84
713.735
460.085
290.635
156.725
134.72
42.805
18.045
9.195
4.765
5.31
4.97
22.545
138.745
312.255
607.765
342.865
160.255
210.14
186.395
229.185
128.99
120.355
313.87
413.48
485.565
441.385
264.45
162.48
115.845
81.29
35.31
13.385
9.3
4.635
5.225
22.575
150.395
377.47
619.655
336.65
187.475
248.265
296.93
286.65
253.53
274.665
360.77
718.035
671.625
497.11
327.165
209.27
171.38
84.645
40.855
26.13
7.67
6.78
6.355
28.415
149.445
416.81
627.385
334.515
191.945
256.89
319.425
309.875
265.04
278.525
393.31
754.235
738.41
519.565
356.015
273.16
201.935
113.93
62.5
40.84
18.5
8.47
7.685
26.465
155.43
401.535
583.93
289.085
259.715
298.215
350.645
358.615
355.11
362.735
496.99
725.485
753.355
514.87
379.47
305.99
230.155
186.525
101.06
88.165
60.96
33.115
8.665
8.74
27.35
106.41
197.615
276.165
443.835
541.34
577.15
559.52
553.03
540.02
582.63
594.58
588.695
414.225
312.955
267.445
267.54
218.67
112.65
93.805
69.71
41.58
9.4
7.82
18.6
61.57
138.945
216.54
397.915
486.345
580.865
597.975
589.31
590.215
552.94
512.305
528.145
353.035
239.65
148.745
129.875
74.565
42.155
33.795
12.27
5.13
6.005
25.59
145.6
399.965
618.96
337.25
183.48
222.795
271.255
278.86
264.895
272.355
375.205
673.315
618.175
431.255
293.14
195.69
122.66
73.935
39.645
20.625
5.755
3.99
4.405
25.355
151.57
378.455
618.615
336.71
184.67
245.24
293.38
283.08
263.3
282.595
385.005
723.73
735.625
507.335
361.99
255.02
172.69
80.175
37.71
15.825
9.05
4.415
5.215
25.68
153.6
407.67
618.795
345.08
173.485
230.61
287.69
288.19
267.82
276.135
372.77
748.125
788.445
498.705
403.045
282.715
165.64
85.95
42.6
20.02
6.255
6.245
5.735
27.315
146.115
405.54
630.57
341.96
192.415
246.855
285.74
286.06
271.065
279.51
403.155
718.725
741.48
507.25
334.61
163.975
156.655
59.835
39.735
37.9
15.59
8.0
7.7
26.47
140.465
353.33
583.8
295.765
226.495
277.605
358.075
367.13
361.285
363.2
520.23
706.09
714.115
394.95
269.27
177.425
223.03
179.76
119.485
94.8
61.765
31.59
8.9
9.005
28.37
97.825
179.45
254.57
420.495
537.785
603.07
613.41
605.255
603.745
601.995
542.3
561.97
334.69
255.54
219.55
193.445
174.495
116.91
100.315
67.02
38.075
10.64
12.63
27.575
65.895
129.63
228.99
404.005
516.245
574.055
594.745
587.68
607.17
559.995
511.25
470.41
232.61
144.565
140.3
110.57
68.715
64.1
19.01
8.005
5.605
5.39
26.03
148.81
375.4
626.755
333.185
180.69
226.035
288.065
283.79
256.87
256.2
386.87
544.9
562.845
447.15
229.07
205.78
116.725
59.74
34.585
13.195
6.37
4.435
5.755
22.71
65.04
225.285
580.925
173.84
113.885
122.78
236.155
236.05
133.135
141.205
314.975
415.275
430.04
377.275
216.745
91.145
130.905
84.02
26.495
13.805
6.48
6.435
6.28
23.2
140.995
362.55
607.64
333.1
174.0
213.14
267.935
248.83
246.735
264.605
354.18
736.94
742.37
529.635
368.435
276.775
203.975
85.94
27.895
15.085
6.41
6.24
5.42
14.935
73.885
378.275
622.605
329.295
163.49
226.22
282.42
269.395
262.535
283.63
397.81
796.28
740.56
509.615
371.46
272.67
260.1
120.76
63.05
39.085
19.64
8.46
7.74
27.515
152.26
408.555
591.1
308.855
279.505
303.765
356.885
345.28
361.405
368.965
480.005
774.025
735.265
511.885
359.205
265.8
225.5
179.115
121.98
93.905
63.32
32.78
8.925
10.45
26.66
101.425
192.56
275.02
426.005
518.25
633.74
580.955
566.185
582.96
595.6
518.195
478.915
316.36
213.23
168.835
165.455
147.0
93.26
77.09
62.695
33.345
8.395
11.24
21.275
66.835
122.095
152.71
346.35
362.815
375.45
454.625
437.265
246.625
124.65
136.425
146.765
219.54
142.645
115.095
85.805
54.43
62.915
49.315
44.105
23.025
7.895
8.235
35.325
64.66
115.87
205.07
296.605
303.335
325.085
325.98
337.835
214.985
219.3
297.55
293.625
228.86
110.565
131.165
84.045
63.85
21.19
9.415
4.36
4.075
4.445
23.605
99.845
335.02
610.81
299.18
164.485
195.36
241.925
240.965
222.135
228.92
376.96
558.905
561.805
405.4
254.225
205.055
136.09
77.535
30.585
14.97
5.99
4.38
4.505
23.13
139.135
415.575
614.795
332.405
184.255
231.34
265.205
266.48
264.115
268.015
384.82
686.35
630.275
442.8
331.6
191.045
146.0
83.675
43.295
17.61
8.36
4.755
4.745
24.535
104.25
322.66
611.21
306.0
194.415
224.985
281.73
277.71
256.815
264.67
389.985
638.17
544.33
378.465
253.495
204.505
136.555
111.5
53.79
34.68
15.375
7.87
7.505
25.425
92.815
328.56
599.1
311.25
236.145
243.065
308.545
329.15
323.4
311.22
368.185
541.06
521.735
342.425
231.81
174.99
130.79
92.11
77.105
57.31
45.265
24.21
8.265
6.005
20.355
50.495
131.775
261.94
360.58
403.52
467.915
501.405
590.665
590.285
537.695
350.035
333.725
265.16
151.715
142.575
124.125
121.495
88.405
73.315
59.265
33.23
8.21
7.74
16.265
62.555
131.845
208.75
389.04
479.245
545.25
597.81
602.135
594.665
568.65
557.165
524.125
376.33
251.975
191.05
128.005
71.255
37.875
13.96
11.7
4.38
5.545
21.135
139.675
346.14
615.935
178.185
162.22
176.94
135.495
213.35
194.6
221.32
374.09
699.6
444.605
255.765
273.26
188.175
119.83
74.46
34.4
12.8
7.725
4.135
4.495
25.61
140.205
349.05
648.09
330.425
176.615
227.36
262.775
271.46
245.925
249.065
374.84
634.62
627.35
424.22
267.095
202.885
128.76
73.185
22.095
9.63
4.905
5.01
5.165
22.665
104.64
336.645
595.11
306.04
167.07
217.525
263.435
257.14
240.545
241.325
365.455
631.22
621.02
418.355
273.28
190.845
120.15
78.125
32.115
17.88
5.895
4.14
4.355
27.745
149.975
356.825
619.27
320.345
163.2
217.37
268.45
280.22
241.065
241.86
394.37
582.285
593.48
455.85
319.345
239.165
182.53
102.065
47.44
37.235
16.2
8.215
7.295
24.15
70.225
229.985
556.825
325.675
236.315
241.945
300.26
276.74
351.285
324.86
457.045
623.415
524.74
449.24
315.325
205.32
187.33
146.675
118.5
84.505
57.44
26.215
11.06
9.025
32.42
78.045
163.28
256.365
423.85
529.33
609.555
607.535
626.345
625.1
561.845
570.64
533.365
329.68
211.155
163.955
165.03
139.385
93.815
76.065
60.27
36.05
9.58
8.02
27.675
77.05
117.815
225.805
394.675
508.43
551.155
566.34
573.715
547.165
534.165
529.87
519.25
346.355
217.355
135.945
109.215
73.265
30.9
30.58
6.515
4.925
5.725
24.88
105.055
333.085
646.01
309.595
177.625
222.0
289.075
295.705
261.05
281.585
391.35
734.585
621.18
422.28
263.895
189.885
115.69
63.52
28.105
14.885
5.57
4.82
5.755
26.24
119.13
371.885
634.74
331.15
186.33
242.915
276.565
285.31
272.195
278.635
351.06
724.68
735.88
506.625
344.935
266.425
154.555
81.96
37.245
14.95
6.73
5.13
6.04
27.745
149.67
374.565
619.405
330.27
174.7
217.035
282.81
298.275
274.805
277.825
379.52
743.665
749.465
467.355
317.415
240.625
181.625
84.23
43.79
19.705
6.425
5.685
5.4
23.175
140.695
371.735
612.72
328.45
156.725
184.64
235.31
234.07
219.57
253.51
388.165
752.28
525.83
456.755
259.715
170.3
183.65
103.59
55.31
36.085
16.91
8.48
7.51
23.485
141.15
377.0
570.25
304.94
247.035
234.92
272.735
277.875
315.615
327.3
479.24
546.765
551.665
417.98
262.13
234.665
186.245
185.11
119.685
95.26
60.225
30.29
8.855
7.685
28.37
89.1
183.785
252.425
411.91
534.885
604.055
619.245
599.39
569.505
543.245
489.885
474.735
324.705
253.5
211.015
190.845
152.35
95.23
85.895
64.355
34.985
8.245
7.905
19.515
61.245
135.3
212.9
386.415
483.765
516.84
520.515
513.965
511.27
416.96
257.46
172.34
143.265
98.48
101.51
87.505
47.145
20.94
93.665
92.375
80.97
93.245
157.735
174.58
408.86
165.82
130.235
107.62
54.3
21.975
8.99
4.465
3.67
4.795
23.57
101.565
288.885
588.915
269.925
158.175
167.77
182.715
216.295
200.16
208.045
254.08
447.09
450.78
339.8
217.835
179.565
124.995
65.935
28.035
10.91
5.65
5.14
5.0
25.685
97.83
309.89
582.615
251.215
128.365
128.66
139.91
191.965
184.0
190.8
249.135
406.385
462.665
340.815
202.81
174.55
127.74
83.24
37.485
16.475
11.15
6.51
6.155
19.275
99.595
307.04
562.22
306.805
203.275
227.595
254.38
230.38
221.96
225.11
268.155
463.86
455.825
330.93
174.6
146.385
122.15
82.365
74.535
49.87
43.895
24.72
7.56
5.52
25.69
55.915
115.685
227.75
329.795
321.59
328.905
334.79
328.195
329.885
313.985
266.435
241.75
222.73
128.685
127.12
111.005
80.035
73.875
65.9
51.705
28.11
10.76
7.54
22.94
37.855
86.45
206.495
294.735
314.145
326.605
343.385
349.4
340.625
330.865
280.22
245.965
213.485
103.42
82.765
81.375
46.495
20.375
8.565
5.16
4.045
4.83
21.08
97.265
301.185
542.81
263.18
139.745
152.565
175.89
178.21
176.03
181.8
250.04
423.6
427.41
295.7
180.56
127.645
95.69
64.895
18.85
8.375
3.435
3.22
3.49
19.375
93.105
283.535
522.035
243.77
140.265
160.245
178.58
192.12
177.855
171.55
244.925
379.81
393.635
267.125
170.975
124.935
90.24
59.8
21.205
7.72
5.735
4.675
4.895
21.805
86.7
285.36
530.785
240.585
136.54
143.19
145.79
144.685
134.88
143.35
214.54
385.845
387.185
268.19
182.55
141.44
75.045
48.25
12.81
8.835
5.09
5.36
21.845
104.27
289.2
569.62
295.085
159.35
182.11
203.725
267.465
254.505
253.865
304.985
492.82
487.345
337.86
193.57
159.22
112.84
78.43
34.545
17.88
8.805
6.655
7.035
21.43
90.35
280.91
561.04
307.87
192.865
216.34
264.335
283.73
279.135
289.595
364.63
498.09
494.4
291.11
188.245
162.165
129.625
78.975
66.57
56.64
50.515
26.04
7.89
5.27
17.465
41.19
130.885
216.655
295.435
314.755
598.895
632.15
637.885
617.47
575.88
515.65
320.88
271.07
180.37
143.34
118.29
83.82
75.65
64.045
48.18
34.09
8.77
6.8
18.11
55.97
106.195
185.65
304.915
421.875
562.035
576.37
595.375
566.93
539.145
544.285
514.1
318.095
172.5
121.92
106.125
75.085
65.485
55.635
38.545
22.63
11.96
10.525
43.43
84.575
238.195
320.64
272.185
278.25
285.815
296.6
292.615
289.61
417.3
575.34
553.325
392.86
236.35
190.13
122.77
70.68
23.1
11.385
4.845
4.06
4.395
22.52
67.68
251.87
390.77
140.73
86.31
123.98
158.215
168.555
175.265
179.155
247.495
421.465
426.475
289.62
172.46
127.8
86.41
55.815
20.535
8.93
4.77
3.69
3.785
19.925
93.63
284.11
550.09
262.98833333333334
141.3
142.925
192.415
178.695
177.315
177.48
248.595
393.665
404.875
278.765
189.43
148.195
115.06
59.015
24.99
9.205
5.425
3.855
3.935
21.865
97.105
306.95
536.68
267.46
153.73
166.84
186.02
192.425
184.515
188.66
239.98
444.55
445.86
302.425
204.425
149.735
108.415
70.22
36.125
15.965
10.69
5.685
5.805
19.77
91.695
295.91
532.17
306.805
181.35
221.14
235.68
255.61
267.1
251.905
328.14
448.74
424.725
313.01
178.265
156.665
115.325
81.22
70.455
53.905
46.19
23.93
9.18
6.57
15.625
41.55
101.755
244.92
330.575
353.71
371.515
396.515
413.92
400.85
371.71
284.285
253.27
196.885
132.205
115.815
103.85
71.43
71.165
60.12
50.685
29.035
8.305
7.3
16.46
37.22
87.585
158.72
255.045
262.63
269.41
263.465
269.7
331.835
260.105
257.825
239.3
215.775
123.605
109.16
95.13
61.33
22.7
11.115
5.465
3.99
4.56
21.4
101.61
315.215
564.325
262.3
160.51
172.1
179.62
234.46
218.645
227.65
256.84
492.23
445.85
324.355
201.78
170.47
112.025
64.035
21.165
9.535
3.73
3.395
4.275
21.15
99.855
335.74
599.925
273.64
174.06
183.94
211.88
229.905
208.495
221.795
268.375
420.915
439.185
323.915
204.4
177.17
120.955
56.67
22.23
10.27
3.62
3.695
4.63
23.09
100.92
286.17
552.555
275.44
173.45
167.39
249.74
242.54
250.485
252.11
316.595
497.57
543.165
341.53
205.165
169.72
117.41
69.81
57.685
49.54
42.665
23.1
10.53
9.28
26.905
42.68
106.11
206.395
311.17
353.215
375.795
374.83
342.01
342.48
400.105
392.015
273.03
248.32
131.915
118.92
113.325
78.39
36.27
15.125
11.975
4.595
3.88
20.145
93.845
269.575
505.315
270.965
177.425
209.34
264.86
283.27
311.855
328.13
415.84
506.06
481.725
358.27
269.77
191.42
152.985
113.68
83.21
50.215
41.455
25.06
9.275
6.455
21.67
44.74
92.26
143.44583333333333
185.475
209.7
216.955
284.515
246.04
197.69
192.295
172.445
152.11
138.71
99.03
86.475
85.245
75.17
58.73
53.465
42.805
26.935
11.59
7.895
28.325
36.095
73.6
108.345
179.885
207.53
229.095
226.3
255.365
255.7
257.49
194.63
144.19
159.225
104.2
85.72
121.165
48.785
19.63
8.105
3.465
3.01
3.575
18.75
91.21
288.45
558.89
270.37
161.43
183.16
234.095
237.055
225.07
224.17
310.115
545.31
460.72
314.47
199.875
163.365
110.87
57.53
18.36
8.83
4.72
3.325
4.385
21.29
95.33
255.16
416.265
262.92
75.03
80.505
91.44
89.35
90.655
131.12
177.055
306.11
273.6
228.975
165.2
117.265
78.905
53.255
20.62
7.535
4.6
3.92
4.295
23.12
87.05
290.575
532.17
254.48
158.47
154.625
167.34
180.335
171.98
182.37
248.59
451.855
394.875
301.775
197.92
137.915
100.0
64.04
22.62
9.19
3.99
3.41
19.005
90.545
260.66
506.765
257.035
145.02
182.415
189.715
207.725
181.285
183.94
249.26
449.935
395.73
266.025
181.81
128.59
106.52
76.885
31.135
10.535
11.47
4.15
3.52
19.335
73.21
252.115
487.255
253.58
173.715
192.59
231.565
233.065
224.265
246.975
288.545
446.17
411.87
292.215
179.205
137.88
123.46
70.955
76.91
66.8
50.24
21.96
8.28
6.89
16.275
42.52
97.1
136.885
197.61
252.5
258.795
261.675
283.47
295.72
281.69
236.915
233.72
208.5
133.63
101.915
88.115
77.795
70.2
61.68
53.46
24.325
9.535
7.525
18.005
36.735
92.09
115.76
235.045
234.225
239.525
290.9
401.455
431.305
394.02
151.95
314.605
213.985
152.355
113.675
104.46
67.6
28.6
15.81
6.855
4.885
5.43
22.345
99.6
299.195
596.545
272.295
173.435
179.255
263.25
269.51
257.465
263.98
378.635
619.76
618.12
411.095
254.735
182.995
124.465
70.275
27.065
14.965
6.075
4.155
4.36
21.64
97.555
340.58
607.07
307.365
160.89
198.84
263.265
246.83
231.035
244.435
372.075
629.045
621.65
418.635
255.73
196.98
139.84
63.015
35.605
15.0
8.795
4.46
5.51
26.105
51.67
265.29
621.01
307.69
167.08
189.225
241.83
257.89
246.08
247.885
323.085
565.75
537.745
345.275
178.555
147.915
100.375
62.6
25.2
10.2
5.495
4.52
4.185
20.395
83.295
263.19
510.065
242.47125
109.185
132.205
180.385
192.505
170.785
185.095
236.595
383.905
337.365
229.235
158.95
117.825
83.3
64.96
31.63
10.18
11.075
4.565
4.12
21.805
85.4
243.545
528.48
275.595
155.025
152.855
194.605
208.845
200.215
203.785
251.355
420.14
404.615
305.09
121.855
144.62
97.795
73.2
67.535
54.67
46.955
20.875
7.64
5.845
29.755
77.26
135.2
190.12
246.835
258.69
265.575
261.64
253.46
337.425
316.88
242.975
242.75
226.96
132.75
116.195
90.87
84.595
77.205
67.04
50.46
24.72
8.835
7.73
22.33
77.315
113.23
149.61
228.31
237.16
252.085
242.15
270.285
106.33
115.105
136.79
150.06
144.08
88.025
99.18
65.95
45.3
16.355
8.42
6.965
5.61
5.755
20.87
95.53
300.17
578.825
298.645
147.635
104.42
117.51
115.94
195.73
208.86
342.25
371.82
372.865
412.56
235.885
135.725
119.46
59.365
24.53
17.39
10.185
3.99
4.72
19.42
99.365
313.925
554.16
279.425
157.82
161.04
173.045
184.075
180.06
185.26
248.64
379.81
385.435
285.445
180.69
148.355
99.355
60.23
31.46
8.285
5.29
3.96
3.76
21.77
89.13
290.285
528.545
258.61
136.905
143.715
192.965
193.885
183.425
174.415
242.355
372.355
378.815
267.605
173.17
127.195
91.515
61.77
26.165
9.53
6.675
5.815
4.635
21.71
90.925
276.83
522.94
252.765
143.915
164.245
185.75
197.13
188.77
190.695
248.0
421.66
423.02
283.34
192.645
134.045
111.27
76.27
28.47
10.135
7.71
4.59
3.45
19.27
75.985
272.295
493.615
252.63
130.105
150.12
212.145
211.08
225.625
222.45
271.75
422.885
443.225
299.755
183.6
141.285
106.535
75.12
74.88
59.505
49.88
22.31
7.58
6.07
23.675
45.175
108.35
153.885
271.93
289.305
351.3
329.805
356.965
406.465
342.195
284.585
251.025
227.025
127.615
130.46
120.31
81.365
74.5
56.43
52.265
21.135
8.66
6.725
25.185
64.525
117.635
161.57
236.355
244.115
275.31
284.195
281.955
273.02
262.325
250.4
151.33
202.955
129.77
104.205
97.09
53.86
22.835
10.005
5.98
4.805
4.865
23.095
94.545
292.525
580.41
260.725
174.615
187.655
199.74
197.725
192.97
202.54
165.305
275.195
294.305
281.415
221.735
165.16
106.11
48.025
25.0
12.56
6.01
3.75
4.73
25.975
101.43
311.725
605.635
276.09
174.42
203.63
153.08
267.115
232.18
244.11
288.155
475.645
476.43
341.24
197.535
167.76
116.15
65.74
29.015
10.525
4.605
3.635
4.065
22.54
89.98
296.355
527.915
257.565
144.56
166.505
181.825
220.305
205.34
207.81
262.315
480.07
476.755
342.81
199.635
154.76
125.96
59.08
36.3
10.5
5.63
3.8
4.32
22.23
94.535
318.665
549.135
274.3
158.31
153.035
181.275
181.945
177.055
175.55
227.195
391.215
379.07
222.73
113.895
89.815
71.375
75.91
34.885
25.455
12.13
5.925
5.685
21.42
91.7
287.5
529.145
274.69083333333333
150.485
153.775
160.705
160.845
152.035
147.76
215.645
334.325
313.795
244.825
157.76
119.405
89.01
75.37
58.295
50.15
42.44
20.955
8.545
6.46
11.965
39.5
93.92
143.00166666666667
187.21
208.15
216.745
251.4
246.27
214.96
204.565
183.515
154.87
143.84
99.625
79.71
76.72
68.175
57.775
50.635
40.94
30.21
12.435
9.965
6.415
30.09
72.925
108.965
169.815
194.805
264.515
283.355
309.935
326.49
302.64
243.195
172.175
174.11
106.33
90.55
105.91
59.325
19.615
8.475
3.0
2.355
19.315
83.175
255.715
519.115
233.98
138.52
125.92
145.18
79.8
77.865
87.34
96.81
189.365
196.955
222.39
118.03
100.57
87.725
47.6
43.63
46.29
48.565
8.535
7.505
13.625
33.76
87.055
123.085
236.93
241.275
238.93
311.76
319.14
311.06
283.41
229.38
192.805
162.54
107.06
86.565
86.41
56.12
22.13
8.185
4.84
3.44
3.2
21.28
85.46
223.86
336.28
154.7775
76.235
76.615
85.105
85.485
83.605
91.25
100.155
197.615
189.255
144.33
106.61
126.85
70.42
43.725
12.42
8.79
4.735
3.67
3.46
20.075
81.49
275.455
528.38
237.879
138.575
140.925
146.11
145.915
135.325
140.32
190.525
312.525
300.17
220.915
154.02
116.97
82.695
63.43
30.11
11.47
8.28
4.025
3.265
19.145
80.48
256.57
490.03
244.85483333333337
130.485
138.88
166.695
166.355
152.06
176.275
213.78
290.66
289.075
222.7
150.125
114.745
83.785
69.6
56.315
48.175
44.935
26.165
7.95
6.1
11.98
40.185
96.44
164.305
156.9
158.15
169.455
169.07
213.725
201.34
206.8
171.435
151.2
148.87
95.365
79.37
90.175
75.62
63.715
53.455
45.72
27.94
9.53
7.245
5.635
30.065
74.14
115.63583333333334
181.35
200.405
214.24
217.1
221.695
205.935
196.21
182.46
155.14
198.85
87.625
70.085
68.045
36.185
12.68
9.435
3.195
2.625
2.55
20.865
83.845
269.07
457.77
224.0
100.715
97.65
108.48
126.735
131.96
139.39
186.71
327.855
313.015
233.615
166.64
123.355
103.345
63.255
